39484768
12813693
28972063
41977076
10875598
11093536
10543532
14514548
15561035
17387194
15276546
10969664
10800817
9594865
21658018
36824043
39156549
34961523
34787965
32979482
38775645
33171172
42025666
30505758
40589185
34318106
30552888
41432491
31376117
33155775
27525230
30505752
32439394
27406988
36983276
39718243
24973924
31539513
30838388
28651939
36094465
33247735
41779085
34705350
39617372
34977715
28315286
33689738
34589167
31421104
27298393
35242366
19114195
32891660
23456683
34647125
38307118
39820718
37425436
14643813
