11591611
11903027
11955537
12556542
12970201
14992872
15100202
15337239
15557371
15564545
16139139
17140968
17312289
17709642
18628261
19228612
19890125
20083683
20167334
20805116
20837925
20869314
21281950
21415073
21420873
21619980
21664624
21684171
21801945
21937020
21987177
22070836
22449296
22523305
22592900
22698772
22893280
22965976
23439102
23477657
23477676
23747787
24086085
24086086
24613160
24703910
24886787
25043865
25217501
25237626
25648476
25791924
26276839
26371452
26433633
26470910
26680310
26707761
26892526
27040723
27298393
27771985
27777290
27942397
27942401
27942402
28082464
28119382
28231944
28566338
28813218
28942940
28958597
29084780
29407133
29420954
29478841
29495998
29608874
29657055
29661948
29680218
29708851
29710164
30094210
30165437
30165632
30236310
30239376
30369328
30369591
30373421
30417737
30474417
30636525
30654882
30686645
30699314
30732456
30885092
30907418
31125606
31219874
31256329
31394563
31395122
31455868
31488373
31504374
31549144
31562798
31601578
31672179
31740974
31826727
31865057
31934782
31976863
32167555
32305186
32339504
32662861
32771552
32818539
32862716
33002935
33016239
33017209
33038121
33067581
33155975
33413936
33502822
33686866
33779716
33841980
34078097
34138766
34166508
34272070
34294272
34333605
34337649
34411544
34460327
34474026
34555373
34586338
34606302
34611327
34710343
34735046
34793745
34800223
34882435
34890572
34895950
34977717
35041977
35143631
35171210
35229663
35266173
35429509
35675092
35900153
35912444
35943473
35953640
36094460
36098376
36130278
36229295
36276694
36349729
36394709
36848999
37086268
37121245
37330205
37348857
37417248
37471501
37535847
37542480
37624649
37632756
37720926
38008347
38266796
38420786
38456874
38522653
38580041
38606620
38626442
38677447
38862179
38919214
38941506
39098613
39116933
39144317
39157180
39157181
39157182
39157183
39209092
39210710
39385505
39389436
39432255
39434975
39552037
39566870
39567250
39656609
39730082
39733961
39783258
39969129
40014670
40174598
40268129
40306935
40348256
40376846
40404111
40434908
40725570
40884067
40884083
40888737
40900620
40907505
40929150
40947142
41016746
41025333
41121332
41135855
41210676
41210677
41330389
41334602
41403064
41619148
41619278
41619927
41628842
41714707
41865963
41971856
42027519
42161480
42188066
42236427
42266971
42266981
42288779
42301235
42301733
4642307
8837572
9714098
